sample,Exact Minkowski_cost_value,Exact Minkowski_peak_value,Exact Minkowski_cost_time,Exact Minkowski_peak_time,Exact Minkowski_algo_time,Exact Minkowski_total_time,Exact Minkowski_status,No Flexibility_cost_value,No Flexibility_peak_value,No Flexibility_cost_time,No Flexibility_peak_time,No Flexibility_algo_time,No Flexibility_total_time,No Flexibility_status,Barot Outer_cost_value,Barot Outer_peak_value,Barot Outer_cost_time,Barot Outer_peak_time,Barot Outer_algo_time,Barot Outer_total_time,Barot Outer_status,Inner Homothets_cost_value,Inner Homothets_peak_value,Inner Homothets_cost_time,Inner Homothets_peak_time,Inner Homothets_algo_time,Inner Homothets_total_time,Inner Homothets_status,Zonotope_cost_value,Zonotope_peak_value,Zonotope_cost_time,Zonotope_peak_time,Zonotope_algo_time,Zonotope_total_time,Zonotope_status,Barot Inner_cost_value,Barot Inner_peak_value,Barot Inner_cost_time,Barot Inner_peak_time,Barot Inner_algo_time,Barot Inner_total_time,Barot Inner_status,Inner Affine_cost_value,Inner Affine_peak_value,Inner Affine_cost_time,Inner Affine_peak_time,Inner Affine_algo_time,Inner Affine_total_time,Inner Affine_status,JCC-SRO_cost_value,JCC-SRO_peak_value,JCC-SRO_cost_time,JCC-SRO_peak_time,JCC-SRO_total_time,JCC-SRO_algorithm,JCC-SRO_result,JCC-Re-SRO_cost_value,JCC-Re-SRO_peak_value,JCC-Re-SRO_cost_time,JCC-Re-SRO_peak_time,JCC-Re-SRO_total_time,JCC-Re-SRO_algorithm,JCC-Re-SRO_result,Barot Outer_cost_upr,Barot Outer_peak_upr,Inner Homothets_cost_upr,Inner Homothets_peak_upr,Zonotope_cost_upr,Zonotope_peak_upr,Barot Inner_cost_upr,Barot Inner_peak_upr,Inner Affine_cost_upr,Inner Affine_peak_upr,JCC-SRO_cost_upr,JCC-SRO_peak_upr,JCC-Re-SRO_cost_upr,JCC-Re-SRO_peak_upr
0,41.81144117091843,9.99223302688448,0.3442423343658447,0.33315443992614746,0.0,0.6773967742919922,success,166.2539603108768,32.23930992825182,0.0,0.0,0.0,0.0,success,0.0,0.0,0.0,0.0,0.0,0.0,success,-1.1368683772161603e-13,0.0,0.0016911029815673828,0.002547740936279297,21.657574892044067,21.657574892044067,success,2.842170943040401e-14,0.0,0.0019927024841308594,0.003008127212524414,17.851373195648193,17.851373195648193,success,1025.4418714185695,148.67244016965319,0.003997802734375,0.0050013065338134766,0.7622253894805908,0.7712244987487793,success,6.787860229451326e-08,1.4051692614413969e-05,0.0,0.0,4.628060817718506,4.633504390716553,success,-11.222377785013036,0.00015387107755356934,1.2386236190795898,1.2386236190795898,1.2386236190795898,JCC-SRO,"{'aggregate_flexibility': array([-4.96425817e-14,  0.00000000e+00,  0.00000000e+00,  0.00000000e+00,
        0.00000000e+00,  0.00000000e+00,  1.53871078e-04, -6.31486387e-02,
       -1.69714445e-01, -3.25503429e-01, -5.31173393e-01, -7.81386977e-01,
       -1.06433224e+00, -1.36195988e+00, -1.65099491e+00, -1.90470159e+00,
       -2.09529834e+00, -2.19684021e+00, -2.18832015e+00, -2.05669308e+00,
       -1.79950431e+00, -1.42681128e+00, -9.62125133e-01, -4.42165675e-01]), 'total_cost': np.float64(-11.222377785013036), 'peak_power': np.float64(0.00015387107755356934), 'computation_time': 1.2386236190795898, 'sro_bounds': array([[14.89959104, 14.90453742, 14.90223319, ..., 14.09188356,
        14.42628136, 14.55647232],
       [18.51816631, 18.52307067, 18.52078602, ..., 13.31005415,
        13.59746928, 13.68241208],
       [ 9.47424208,  9.48361306,  9.48109618, ..., 16.19989561,
        16.61845705, 16.81396528],
       ...,
       [11.46406156, 11.46854939, 11.46645878, ..., 12.50833406,
        12.79325282, 12.8928953 ],
       [13.52743026, 13.53156885, 13.52964093, ..., 11.37184125,
        11.62371465, 11.70472995],
       [17.54807757, 17.55361552, 17.55103571, ..., 14.84672769,
        15.15908432, 15.24281137]], shape=(20, 96)), 'U_initial': {'mu': array([ 0.0491569 ,  0.05269247,  0.05708368,  0.05524582,  0.04846967,
        0.03217992,  0.02230335,  0.01187448,  0.00134833, -0.00841527,
       -0.01844561, -0.03024372, -0.04202092, -0.0474341 , -0.04871444,
       -0.04881485, -0.03979079, -0.02507113, -0.00868096, -0.00218933,
        0.00539017,  0.01121653,  0.01352406,  0.01223013]), 'M': array([[ 1.41590756,  1.40092413,  1.38367889,  1.23746556,  0.62168574,
         0.19932224, -0.25727752, -0.49709841, -0.63879215, -0.75272806,
        -0.8402051 , -0.90203746, -0.94040256, -0.94702565, -0.93064847,
        -0.90164725, -0.80748315, -0.32693559,  0.03110336,  0.12271322,
         0.17975056,  0.2067828 ,  0.21414224,  0.21779368],
       [ 1.40092413,  1.4023777 ,  1.39782665,  1.25279462,  0.61270487,
         0.18183309, -0.27394096, -0.50666585, -0.64462376, -0.75662007,
        -0.84353959, -0.90524035, -0.9435679 , -0.95036213, -0.93426634,
        -0.90884959, -0.82565468, -0.33654382,  0.0318853 ,  0.12759441,
         0.18905933,  0.2202436 ,  0.23164489,  0.23921705],
       [ 1.38367889,  1.39782665,  1.4068345 ,  1.26502463,  0.60396539,
         0.16664282, -0.28889201, -0.51672768, -0.65212209, -0.76202701,
        -0.84776501, -0.90879154, -0.94661266, -0.95286009, -0.93642091,
        -0.91402552, -0.84186761, -0.34479324,  0.03439526,  0.13441442,
         0.20022036,  0.23536653,  0.25026444,  0.26089943],
       [ 1.23746556,  1.25279462,  1.26502463,  1.19272405,  0.70097857,
         0.27715146, -0.18645774, -0.45310707, -0.61406134, -0.74062987,
        -0.83927569, -0.90822983, -0.94722296, -0.94829604, -0.91807326,
        -0.86473241, -0.71076171, -0.23996081,  0.04536064,  0.12926155,
         0.18129379,  0.2056957 ,  0.21286095,  0.21795913],
       [ 0.62168574,  0.61270487,  0.60396539,  0.70097857,  0.94924205,
         0.68859297,  0.29431554, -0.09353874, -0.34277359, -0.52479153,
        -0.66354025, -0.75781135, -0.80194458, -0.79255036, -0.72525264,
        -0.55998985, -0.10471661,  0.10275851,  0.04714202,  0.0573282 ,
         0.05006616,  0.03126682,  0.0057921 , -0.01468455],
       [ 0.19932224,  0.18183309,  0.16664282,  0.27715146,  0.68859297,
         0.68428837,  0.49100995,  0.18515847, -0.02798898, -0.18504027,
        -0.30747472, -0.3980785 , -0.44783898, -0.45504421, -0.41559791,
        -0.28432675,  0.08737108,  0.13605018, -0.00288302, -0.02175487,
        -0.04515445, -0.07060423, -0.09848266, -0.12180318],
       [-0.25727752, -0.27394096, -0.28889201, -0.18645774,  0.29431554,
         0.49100995,  0.61488986,  0.50397067,  0.38495643,  0.28451784,
         0.19476755,  0.11483789,  0.05654045,  0.02208523,  0.01424281,
         0.06684513,  0.2611083 ,  0.11458514, -0.09296596, -0.14125304,
        -0.18234312, -0.21411778, -0.24143447, -0.26659319],
       [-0.49709841, -0.50666585, -0.51672768, -0.45310707, -0.09353874,
         0.18515847,  0.50397067,  0.62373985,  0.6447858 ,  0.62909207,
         0.59232913,  0.5406908 ,  0.48525867,  0.42829087,  0.37095576,
         0.32397965,  0.28438175,  0.04207002, -0.15834692, -0.22084654,
        -0.26664972, -0.29624295, -0.31699271, -0.33778099],
       [-0.63879215, -0.64462376, -0.65212209, -0.61406134, -0.34277359,
        -0.02798898,  0.38495643,  0.6447858 ,  0.77622026,  0.83549339,
         0.84709128,  0.82483318,  0.77813421,  0.70861514,  0.61660066,
         0.49910443,  0.30751317,  0.00976244, -0.18924703, -0.26383241,
        -0.31432217, -0.34348823, -0.36000189, -0.37654403],
       [-0.75272806, -0.75662007, -0.76202701, -0.74062987, -0.52479153,
        -0.18504027,  0.28451784,  0.62909207,  0.83549339,  0.95971315,
         1.01982045,  1.02925114,  0.99714239,  0.92509422,  0.81383076,
         0.64975928,  0.35157013,  0.00221893, -0.20227065, -0.28656592,
        -0.34121838, -0.3709669 , -0.38399999, -0.39620869],
       [-0.8402051 , -0.84353959, -0.84776501, -0.83927569, -0.66354025,
        -0.30747472,  0.19476755,  0.59232913,  0.84709128,  1.01982045,
         1.12797963,  1.17588076,  1.16652082,  1.10075071,  0.98129315,
         0.78497258,  0.40545189,  0.00725199, -0.20480207, -0.29724521,
        -0.35494885, -0.38486588, -0.39433446, -0.40218123],
       [-0.90203746, -0.90524035, -0.90879154, -0.90822983, -0.75781135,
        -0.3980785 ,  0.11483789,  0.5406908 ,  0.82483318,  1.02925114,
         1.17588076,  1.26523078,  1.28663197,  1.23654851,  1.11844895,
         0.90254123,  0.46585118,  0.02235771, -0.20048508, -0.29984814,
        -0.35978667, -0.38891103, -0.39492111, -0.39904416],
       [-0.94040256, -0.9435679 , -0.94661266, -0.94722296, -0.80194458,
        -0.44783898,  0.05654045,  0.48525867,  0.77813421,  0.99714239,
         1.16652082,  1.28663197,  1.34028394,  1.31419032,  1.20933717,
         0.99169215,  0.52883912,  0.04866709, -0.18734804, -0.29084424,
        -0.35180689, -0.37964617, -0.38285912, -0.38394201],
       [-0.94702565, -0.95036213, -0.95286009, -0.94829604, -0.79255036,
        -0.45504421,  0.02208523,  0.42829087,  0.70861514,  0.92509422,
         1.10075071,  1.23654851,  1.31419032,  1.31682774,  1.23764396,
         1.03816979,  0.58381813,  0.08329934, -0.16343362, -0.26648054,
        -0.32702707, -0.35362699, -0.35480104, -0.35360475],
       [-0.93064847, -0.93426634, -0.93642091, -0.91807326, -0.72525264,
        -0.41559791,  0.01424281,  0.37095576,  0.61660066,  0.81383076,
         0.98129315,  1.11844895,  1.20933717,  1.23764396,  1.19523034,
         1.03836757,  0.63910209,  0.13535409, -0.12233326, -0.22129444,
        -0.2810162 , -0.30822832, -0.30997332, -0.30816312],
       [-0.90164725, -0.90884959, -0.91402552, -0.86473241, -0.55998985,
        -0.28432675,  0.06684513,  0.32397965,  0.49910443,  0.64975928,
         0.78497258,  0.90254123,  0.99169215,  1.03816979,  1.03836757,
         0.96719015,  0.71933094,  0.22633301, -0.05798404, -0.15294026,
        -0.21441735, -0.24648741, -0.25496726, -0.25806031],
       [-0.80748315, -0.82565468, -0.84186761, -0.71076171, -0.10471661,
         0.08737108,  0.2611083 ,  0.28438175,  0.30751317,  0.35157013,
         0.40545189,  0.46585118,  0.52883912,  0.58381813,  0.63910209,
         0.71933094,  0.85366099,  0.42525428,  0.05436814, -0.04304787,
        -0.11757265, -0.16690408, -0.19495692, -0.21390129],
       [-0.32693559, -0.33654382, -0.34479324, -0.23996081,  0.10275851,
         0.13605018,  0.11458514,  0.04207002,  0.00976244,  0.00221893,
         0.00725199,  0.02235771,  0.04866709,  0.08329934,  0.13535409,
         0.22633301,  0.42525428,  0.35740008,  0.17110228,  0.12438988,
         0.08209624,  0.04841561,  0.02597187,  0.01144897],
       [ 0.03110336,  0.0318853 ,  0.03439526,  0.04536064,  0.04714202,
        -0.00288302, -0.09296596, -0.15834692, -0.18924703, -0.20227065,
        -0.20480207, -0.20048508, -0.18734804, -0.16343362, -0.12233326,
        -0.05798404,  0.05436814,  0.17110228,  0.22883032,  0.24839887,
         0.25082212,  0.24319363,  0.23314292,  0.22668189],
       [ 0.12271322,  0.12759441,  0.13441442,  0.12926155,  0.0573282 ,
        -0.02175487, -0.14125304, -0.22084654, -0.26383241, -0.28656592,
        -0.29724521, -0.29984814, -0.29084424, -0.26648054, -0.22129444,
        -0.15294026, -0.04304787,  0.12438988,  0.24839887,  0.30506271,
         0.33397495,  0.33853496,  0.33114862,  0.32498009],
       [ 0.17975056,  0.18905933,  0.20022036,  0.18129379,  0.05006616,
        -0.04515445, -0.18234312, -0.26664972, -0.31432217, -0.34121838,
        -0.35494885, -0.35978667, -0.35180689, -0.32702707, -0.2810162 ,
        -0.21441735, -0.11757265,  0.08209624,  0.25082212,  0.33397495,
         0.39339279,  0.41828325,  0.41946533,  0.41744017],
       [ 0.2067828 ,  0.2202436 ,  0.23536653,  0.2056957 ,  0.03126682,
        -0.07060423, -0.21411778, -0.29624295, -0.34348823, -0.3709669 ,
        -0.38486588, -0.38891103, -0.37964617, -0.35362699, -0.30822832,
        -0.24648741, -0.16690408,  0.04841561,  0.24319363,  0.33853496,
         0.41828325,  0.46851767,  0.48916401,  0.49940576],
       [ 0.21414224,  0.23164489,  0.25026444,  0.21286095,  0.0057921 ,
        -0.09848266, -0.24143447, -0.31699271, -0.36000189, -0.38399999,
        -0.39433446, -0.39492111, -0.38285912, -0.35480104, -0.30997332,
        -0.25496726, -0.19495692,  0.02597187,  0.23314292,  0.33114862,
         0.41946533,  0.48916401,  0.53649965,  0.56805946],
       [ 0.21779368,  0.23921705,  0.26089943,  0.21795913, -0.01468455,
        -0.12180318, -0.26659319, -0.33778099, -0.37654403, -0.39620869,
        -0.40218123, -0.39904416, -0.38394201, -0.35360475, -0.30816312,
        -0.25806031, -0.21390129,  0.01144897,  0.22668189,  0.32498009,
         0.41744017,  0.49940576,  0.56805946,  0.62480364]]), 'M_inv': array([[ 2.40695863e+02, -4.76737558e+02,  2.61707169e+02,
        -2.39306617e+01,  7.06426712e-01, -2.76823335e+00,
        -4.95204080e+00,  2.24395019e+00,  7.44554121e+00,
         8.15712048e+00, -1.10983521e+01, -1.84439671e+01,
         3.97239846e+01, -3.26797498e+01,  1.22377166e+01,
        -5.01324431e+00, -7.80774082e-01,  2.30257139e+01,
        -3.05735778e+01,  1.12403476e+01,  5.33714244e+00,
        -3.49604349e-01, -1.77835068e+01,  1.43253404e+01],
       [-4.76737558e+02,  1.06252943e+03, -6.96307540e+02,
         1.18827495e+02, -1.13122837e+01,  2.51633274e+00,
         1.03153589e+01,  4.97043804e+00, -3.38020674e+01,
         1.05146659e+00,  2.01514432e+01,  2.86073029e+01,
        -6.69172890e+01,  4.91726453e+01, -3.86467425e+00,
        -7.73245330e+00,  2.15754485e+01, -8.69300765e+01,
         1.15023511e+02, -6.98027489e+01,  1.43362670e+01,
        -6.97374603e+00,  3.33328512e+01, -2.16177607e+01],
       [ 2.61707169e+02, -6.96307540e+02,  6.26345320e+02,
        -2.21087799e+02,  3.46597391e+01, -4.60260721e+00,
        -4.93807924e+00, -5.95131687e+00,  2.21941575e+01,
         5.99836531e+00, -3.39863423e+01,  6.33389403e+00,
         2.63498724e+01, -1.79043252e+01, -3.08822006e+01,
         5.17520881e+01, -6.52709241e+01,  1.43136642e+02,
        -1.89708285e+02,  1.46806702e+02, -6.76279699e+01,
         3.00445859e+01, -2.43851029e+01,  7.93213846e+00],
       [-2.39306617e+01,  1.18827495e+02, -2.21087799e+02,
         1.61631427e+02, -4.40090564e+01,  1.09001989e+01,
        -5.46865964e-01,  8.94325907e-01,  2.15240228e+00,
        -1.33356701e+01,  2.70826254e+01, -2.21993629e+01,
         7.53017345e+00, -4.58400803e+00,  3.37170102e+01,
        -5.84734085e+01,  6.52767224e+01, -8.82549374e+01,
         1.11107109e+02, -9.39438557e+01,  4.87910094e+01,
        -1.86207942e+01,  4.63981904e+00,  1.31469962e+00],
       [ 7.06426712e-01, -1.13122837e+01,  3.46597391e+01,
        -4.40090564e+01,  3.89151356e+01, -2.70408471e+01,
         1.68038998e+01, -1.50162543e+01,  1.37866919e+01,
        -1.62905041e+01,  1.20866605e+01, -4.66347097e-01,
        -8.63697536e+00,  2.35283108e+01, -3.97933646e+01,
         4.46987104e+01, -3.26398678e+01,  1.05940755e+01,
        -2.27228314e+00,  2.37231212e+00,  2.58505983e-02,
        -2.80958187e+00,  3.10012184e+00, -4.04871622e-01],
       [-2.76823335e+00,  2.51633274e+00, -4.60260721e+00,
         1.09001989e+01, -2.70408471e+01,  5.07377016e+01,
        -6.14179742e+01,  6.35489662e+01, -5.49809319e+01,
         4.46413933e+01, -3.07923896e+01,  1.70283200e+01,
        -5.08676386e+00, -1.41151483e+01,  3.49041462e+01,
        -3.57981016e+01,  2.09595431e+01, -7.78333657e+00,
        -3.55818694e+00,  9.91594155e+00, -5.93724346e+00,
        -2.16934732e-01,  1.68529783e+00, -8.70310306e-01],
       [-4.95204080e+00,  1.03153589e+01, -4.93807924e+00,
        -5.46865964e-01,  1.68038998e+01, -6.14179742e+01,
         1.36573035e+02, -2.09139694e+02,  2.04073218e+02,
        -1.43643551e+02,  8.69496942e+01, -4.40781749e+01,
         2.66611861e+01, -1.38399223e+01, -3.15881595e+01,
         5.48820540e+01, -2.91646247e+01,  8.62883036e+00,
        -1.19361158e+00, -5.53807457e+00,  7.75316355e+00,
        -9.98016867e+00,  1.21508578e+01, -6.06595242e+00],
       [ 2.24395019e+00,  4.97043804e+00, -5.95131687e+00,
         8.94325907e-01, -1.50162543e+01,  6.35489662e+01,
        -2.09139694e+02,  4.66507732e+02, -5.98517086e+02,
         4.91942968e+02, -3.09483179e+02,  1.38667141e+02,
        -4.41199094e+01,  3.09954531e+01,  3.60549248e+01,
        -8.26155301e+01,  3.60197825e+01, -2.83995330e+00,
         9.61442115e+00, -3.83006516e+00, -1.65126798e+01,
         3.66267605e+01, -3.83676132e+01,  1.67139170e+01],
       [ 7.44554121e+00, -3.38020674e+01,  2.21941575e+01,
         2.15240228e+00,  1.37866919e+01, -5.49809319e+01,
         2.04073218e+02, -5.98517086e+02,  1.03329954e+03,
        -1.09677313e+03,  7.71502729e+02, -3.27183454e+02,
         3.02217012e+01,  3.97575964e+01, -7.16695787e+01,
         8.28540064e+01, -2.64007784e+01, -1.50972737e+00,
        -1.98775072e+01,  2.35553348e+01,  5.22761120e+00,
        -3.25382003e+01,  3.28242716e+01, -1.31210111e+01],
       [ 8.15712048e+00,  1.05146659e+00,  5.99836531e+00,
        -1.33356701e+01, -1.62905041e+01,  4.46413933e+01,
        -1.43643551e+02,  4.91942968e+02, -1.09677313e+03,
         1.56090103e+03, -1.38519508e+03,  6.75415171e+02,
        -4.88981366e+01, -1.64568290e+02,  1.30452296e+02,
        -6.14282265e+01,  1.06649217e+01,  8.98679600e+00,
         1.81951875e+01, -4.75788769e+01,  4.75486102e+01,
        -1.93098293e+01, -9.83842334e+00,  1.04807270e+01],
       [-1.10983521e+01,  2.01514432e+01, -3.39863423e+01,
         2.70826254e+01,  1.20866605e+01, -3.07923896e+01,
         8.69496942e+01, -3.09483179e+02,  7.71502729e+02,
        -1.38519508e+03,  1.66292645e+03, -1.20010193e+03,
         3.95601672e+02,  6.89374348e+01, -9.23717347e+01,
         1.71310187e+01,  9.34634428e+00, -2.24234839e+01,
         4.54788277e+00,  3.15321973e+01, -5.07404838e+01,
         2.22923632e+01,  1.92346179e+01, -1.67537502e+01],
       [-1.84439671e+01,  2.86073029e+01,  6.33389403e+00,
        -2.21993629e+01, -4.66347097e-01,  1.70283200e+01,
        -4.40781749e+01,  1.38667141e+02, -3.27183454e+02,
         6.75415171e+02, -1.20010193e+03,  1.48935630e+03,
        -1.10326455e+03,  4.34188814e+02, -8.81893645e+01,
         2.13757382e+01, -1.12064139e+01,  1.37495666e+01,
         1.26821974e+00, -2.01085509e+01,  8.67993566e+00,
         3.25656842e+01, -4.91208345e+01,  2.17231796e+01],
       [ 3.97239846e+01, -6.69172890e+01,  2.63498724e+01,
         7.53017345e+00, -8.63697536e+00, -5.08676386e+00,
         2.66611861e+01, -4.41199094e+01,  3.02217012e+01,
        -4.88981366e+01,  3.95601672e+02, -1.10326455e+03,
         1.50819543e+03, -1.11708302e+03,  4.15741689e+02,
        -5.63699435e+01, -3.29763056e-01,  4.42595068e+00,
        -2.86055365e+01,  3.94240051e+01, -1.58549686e+01,
        -4.16895815e+01,  6.40061468e+01, -2.65518456e+01],
       [-3.26797498e+01,  4.91726453e+01, -1.79043252e+01,
        -4.58400803e+00,  2.35283108e+01, -1.41151483e+01,
        -1.38399223e+01,  3.09954531e+01,  3.97575964e+01,
        -1.64568290e+02,  6.89374348e+01,  4.34188814e+02,
        -1.11708302e+03,  1.31246118e+03, -7.59724643e+02,
         1.96887683e+02, -2.83770825e+01,  6.88937887e+00,
        -6.24455894e-01,  1.67086288e+00,  1.58992764e+01,
         1.41108085e+01, -5.31111484e+01,  3.04213049e+01],
       [ 1.22377166e+01, -3.86467425e+00, -3.08822006e+01,
         3.37170102e+01, -3.97933646e+01,  3.49041462e+01,
        -3.15881595e+01,  3.60549248e+01, -7.16695787e+01,
         1.30452296e+02, -9.23717347e+01, -8.81893645e+01,
         4.15741689e+02, -7.59724643e+02,  7.10962195e+02,
        -3.44816230e+02,  9.71082325e+01, -4.47255964e+01,
         5.73932050e+01, -5.73735640e+01,  1.20921169e+01,
         7.60815419e+00,  1.18444791e+01, -1.41155003e+01],
       [-5.01324431e+00, -7.73245330e+00,  5.17520881e+01,
        -5.84734085e+01,  4.46987104e+01, -3.57981016e+01,
         5.48820540e+01, -8.26155301e+01,  8.28540064e+01,
        -6.14282265e+01,  1.71310187e+01,  2.13757382e+01,
        -5.63699435e+01,  1.96887683e+02, -3.44816230e+02,
         2.79164913e+02, -1.14579926e+02,  5.53365789e+01,
        -6.17861959e+01,  5.81535849e+01, -2.54567676e+01,
        -7.00956969e+00,  1.34426013e+01, -3.68083693e+00],
       [-7.80774082e-01,  2.15754485e+01, -6.52709241e+01,
         6.52767224e+01, -3.26398678e+01,  2.09595431e+01,
        -2.91646247e+01,  3.60197825e+01, -2.64007784e+01,
         1.06649217e+01,  9.34634428e+00, -1.12064139e+01,
        -3.29763056e-01, -2.83770825e+01,  9.71082325e+01,
        -1.14579926e+02,  7.64049918e+01, -5.58627217e+01,
         5.88360627e+01, -5.29856674e+01,  3.11279519e+01,
        -8.76836295e+00, -3.79609104e+00,  3.91997169e+00],
       [ 2.30257139e+01, -8.69300765e+01,  1.43136642e+02,
        -8.82549374e+01,  1.05940755e+01, -7.78333657e+00,
         8.62883036e+00, -2.83995330e+00, -1.50972737e+00,
         8.98679600e+00, -2.24234839e+01,  1.37495666e+01,
         4.42595068e+00,  6.88937887e+00, -4.47255964e+01,
         5.53365789e+01, -5.58627217e+01,  1.02695677e+02,
        -1.45323444e+02,  1.25812682e+02, -7.60801873e+01,
         4.30456273e+01, -1.77833498e+01,  2.57426438e+00],
       [-3.05735778e+01,  1.15023511e+02, -1.89708285e+02,
         1.11107109e+02, -2.27228314e+00, -3.55818694e+00,
        -1.19361158e+00,  9.61442115e+00, -1.98775072e+01,
         1.81951875e+01,  4.54788277e+00,  1.26821974e+00,
        -2.86055365e+01, -6.24455894e-01,  5.73932050e+01,
        -6.17861959e+01,  5.88360627e+01, -1.45323444e+02,
         3.60348377e+02, -4.56400568e+02,  3.28691154e+02,
        -1.75254358e+02,  7.32751699e+01, -1.75151337e+01],
       [ 1.12403476e+01, -6.98027489e+01,  1.46806702e+02,
        -9.39438557e+01,  2.37231212e+00,  9.91594155e+00,
        -5.53807457e+00, -3.83006516e+00,  2.35553348e+01,
        -4.75788769e+01,  3.15321973e+01, -2.01085509e+01,
         3.94240051e+01,  1.67086288e+00, -5.73735640e+01,
         5.81535849e+01, -5.29856674e+01,  1.25812682e+02,
        -4.56400568e+02,  8.19861381e+02, -8.04442304e+02,
         5.16544890e+02, -2.21164723e+02,  4.85709098e+01],
       [ 5.33714244e+00,  1.43362670e+01, -6.76279699e+01,
         4.87910094e+01,  2.58505983e-02, -5.93724346e+00,
         7.75316355e+00, -1.65126798e+01,  5.22761120e+00,
         4.75486102e+01, -5.07404838e+01,  8.67993566e+00,
        -1.58549686e+01,  1.58992764e+01,  1.20921169e+01,
        -2.54567676e+01,  3.11279519e+01, -7.60801873e+01,
         3.28691154e+02, -8.04442304e+02,  1.12783837e+03,
        -9.70777079e+02,  4.85273613e+02, -1.09584177e+02],
       [-3.49604349e-01, -6.97374603e+00,  3.00445859e+01,
        -1.86207942e+01, -2.80958187e+00, -2.16934732e-01,
        -9.98016867e+00,  3.66267605e+01, -3.25382003e+01,
        -1.93098293e+01,  2.22923632e+01,  3.25656842e+01,
        -4.16895815e+01,  1.41108085e+01,  7.60815419e+00,
        -7.00956969e+00, -8.76836295e+00,  4.30456273e+01,
        -1.75254358e+02,  5.16544890e+02, -9.70777079e+02,
         1.15684702e+03, -7.99083556e+02,  2.40249450e+02],
       [-1.77835068e+01,  3.33328512e+01, -2.43851029e+01,
         4.63981904e+00,  3.10012184e+00,  1.68529783e+00,
         1.21508578e+01, -3.83676132e+01,  3.28242716e+01,
        -9.83842334e+00,  1.92346179e+01, -4.91208345e+01,
         6.40061468e+01, -5.31111484e+01,  1.18444791e+01,
         1.34426013e+01, -3.79609104e+00, -1.77833498e+01,
         7.32751699e+01, -2.21164723e+02,  4.85273613e+02,
        -7.99083556e+02,  7.88643463e+02, -3.12989032e+02],
       [ 1.43253404e+01, -2.16177607e+01,  7.93213846e+00,
         1.31469962e+00, -4.04871622e-01, -8.70310306e-01,
        -6.06595242e+00,  1.67139170e+01, -1.31210111e+01,
         1.04807270e+01, -1.67537502e+01,  2.17231796e+01,
        -2.65518456e+01,  3.04213049e+01, -1.41155003e+01,
        -3.68083693e+00,  3.91997169e+00,  2.57426438e+00,
        -1.75151337e+01,  4.85709098e+01, -1.09584177e+02,
         2.40249450e+02, -3.12989032e+02,  1.49761143e+02]]), 's_star': np.float64(60.780927460461555), 'type': 'ellipsoid'}, 'algorithm': 'JCC-SRO'}",-11.222377785013036,0.00015387107755356934,417.56211256980896,417.56211256980896,417.56211256980896,JCC-Re-SRO,"{'aggregate_flexibility': array([-4.96425817e-14,  0.00000000e+00,  0.00000000e+00,  0.00000000e+00,
        0.00000000e+00,  0.00000000e+00,  1.53871078e-04, -6.31486387e-02,
       -1.69714445e-01, -3.25503429e-01, -5.31173393e-01, -7.81386977e-01,
       -1.06433224e+00, -1.36195988e+00, -1.65099491e+00, -1.90470159e+00,
       -2.09529834e+00, -2.19684021e+00, -2.18832015e+00, -2.05669308e+00,
       -1.79950431e+00, -1.42681128e+00, -9.62125133e-01, -4.42165675e-01]), 'total_cost': np.float64(-11.222377785013036), 'peak_power': np.float64(0.00015387107755356934), 'computation_time': 417.56211256980896, 'sro_cost': np.float64(-11.222377785013036), 'resro_cost': np.float64(-11.222377785013036), 'cost_improvement': np.float64(0.0), 'U_initial': {'mu': array([ 0.01776151,  0.01572176,  0.01437029,  0.004     , -0.02848745,
       -0.02462762, -0.03521967, -0.03366318, -0.03042678, -0.02300418,
       -0.01704393, -0.01863389, -0.01532845, -0.00433264,  0.00498745,
        0.01998536,  0.01798117,  0.04005858,  0.06033682,  0.06397699,
        0.06648536,  0.06691632,  0.059159  ,  0.04864017]), 'M': array([[ 1.41594354,  1.41659467,  1.41049289,  1.27433673,  0.61893028,
         0.18337363, -0.27945581, -0.50824506, -0.63192619, -0.74494184,
        -0.84580843, -0.92959314, -0.98138042, -1.00075792, -0.99636648,
        -0.97154026, -0.88787913, -0.3850782 , -0.03077493,  0.05090969,
         0.10568371,  0.1472722 ,  0.17673754,  0.19921074],
       [ 1.41659467,  1.4360795 ,  1.4445516 ,  1.30719825,  0.6152244 ,
         0.16245301, -0.30888838, -0.5343313 , -0.65394045, -0.76416607,
        -0.86439385, -0.94864188, -1.00142829, -1.02148142, -1.01743383,
        -0.99516863, -0.91902356, -0.39895659, -0.02771781,  0.06051458,
         0.12125869,  0.16856738,  0.20392038,  0.23209614],
       [ 1.41049289,  1.4445516 ,  1.46854323,  1.33279435,  0.61086185,
         0.14589019, -0.33217003, -0.55631727, -0.67355933, -0.78115935,
        -0.87996357, -0.96385475, -1.01688736, -1.03679604, -1.03230762,
        -1.01232584, -0.94438422, -0.40952819, -0.02240522,  0.07181103,
         0.13790333,  0.19023224,  0.2304032 ,  0.26315594],
       [ 1.27433673,  1.30719825,  1.33279435,  1.26582254,  0.72348631,
         0.27040726, -0.21978411, -0.49082071, -0.64194422, -0.77208196,
        -0.88779426, -0.98148501, -1.03729102, -1.05142862, -1.03013281,
        -0.97400209, -0.81270704, -0.30269634, -0.00841756,  0.06902392,
         0.12063214,  0.16099226,  0.19320678,  0.22064021],
       [ 0.61893028,  0.6152244 ,  0.61086185,  0.72348631,  0.99468334,
         0.71229296,  0.30479853, -0.09751622, -0.35484492, -0.55029004,
        -0.70694153, -0.81636832, -0.87002648, -0.86263518, -0.78941267,
        -0.60980863, -0.13148582,  0.07110598, -0.00992871, -0.01910917,
        -0.03637695, -0.04914447, -0.05780673, -0.06083723],
       [ 0.18337363,  0.16245301,  0.14589019,  0.27040726,  0.71229296,
         0.69903925,  0.50062037,  0.18586465, -0.03677072, -0.20540738,
        -0.33701849, -0.42884713, -0.47796716, -0.47756171, -0.42615588,
        -0.28052106,  0.09908379,  0.12346375, -0.04288608, -0.07610009,
        -0.10879889, -0.13586925, -0.15987968, -0.17866066],
       [-0.27945581, -0.30888838, -0.33217003, -0.21978411,  0.30479853,
         0.50062037,  0.61784191,  0.49604577,  0.3639705 ,  0.25550194,
         0.16620521,  0.0968131 ,  0.04648486,  0.02493724,  0.03109892,
         0.09878243,  0.3015978 ,  0.12664339, -0.10513216, -0.16250008,
        -0.21219956, -0.25323467, -0.2897365 , -0.32275619],
       [-0.50824506, -0.5343313 , -0.55631727, -0.49082071, -0.09751622,
         0.18586465,  0.49604577,  0.61147266,  0.62369363,  0.60530471,
         0.57371208,  0.53441413,  0.48719538,  0.44078723,  0.39250634,
         0.35367006,  0.31411677,  0.05313642, -0.16053732, -0.22781648,
        -0.28065359, -0.32223664, -0.35795584, -0.39271682],
       [-0.63192619, -0.65394045, -0.67355933, -0.64194422, -0.35484492,
        -0.03677072,  0.3639705 ,  0.62369363,  0.74895138,  0.80821043,
         0.82686872,  0.81660155,  0.77742813,  0.716329  ,  0.63028515,
         0.51781012,  0.32014895,  0.0136093 , -0.18641058, -0.26296383,
        -0.31907386, -0.35977738, -0.39206718, -0.42404711],
       [-0.74494184, -0.76416607, -0.78115935, -0.77208196, -0.55029004,
        -0.20540738,  0.25550194,  0.60530471,  0.80821043,  0.93541067,
         1.00581522,  1.02906181,  1.00464278,  0.9385942 ,  0.82973349,
         0.66697617,  0.35819871,  0.00366705, -0.19511405, -0.2805384 ,
        -0.34022442, -0.38093887, -0.40931414, -0.4368828 ],
       [-0.84580843, -0.86439385, -0.87996357, -0.88779426, -0.70694153,
        -0.33701849,  0.16620521,  0.57371208,  0.82686872,  1.00581522,
         1.12670798,  1.18877013,  1.18658061,  1.12490217,  1.0052876 ,
         0.80836949,  0.41614977,  0.01145161, -0.19105052, -0.28363243,
        -0.34595348, -0.3868559 , -0.41159205, -0.43504888],
       [-0.92959314, -0.94864188, -0.96385475, -0.98148501, -0.81636832,
        -0.42884713,  0.0968131 ,  0.53441413,  0.81660155,  1.02906181,
         1.18877013,  1.28955753,  1.31562088,  1.26726435,  1.1477939 ,
         0.93247532,  0.485945  ,  0.03409088, -0.17807404, -0.27683049,
        -0.34090136, -0.3809744 , -0.40247032, -0.42237578],
       [-0.98138042, -1.00142829, -1.01688736, -1.03729102, -0.87002648,
        -0.47796716,  0.04648486,  0.48719538,  0.77742813,  1.00464278,
         1.18658061,  1.31562088,  1.37212157,  1.34689979,  1.24099973,
         1.02589231,  0.55689926,  0.06788532, -0.15667198, -0.25935636,
        -0.32489081, -0.36429057, -0.38315791, -0.39956504],
       [-1.00075792, -1.02148142, -1.03679604, -1.05142862, -0.86263518,
        -0.47756171,  0.02493724,  0.44078723,  0.716329  ,  0.9385942 ,
         1.12490217,  1.26726435,  1.34689979,  1.35119503,  1.27287467,
         1.07908222,  0.62473397,  0.11191959, -0.12682218, -0.23041425,
        -0.29669544, -0.33571155, -0.35222916, -0.36520253],
       [-0.99636648, -1.01743383, -1.03230762, -1.03013281, -0.78941267,
        -0.42615588,  0.03109892,  0.39250634,  0.63028515,  0.82973349,
         1.0052876 ,  1.1477939 ,  1.24099973,  1.27287467,  1.23463541,
         1.08703789,  0.69664556,  0.17539995, -0.08124023, -0.18273762,
        -0.24898465, -0.28839221, -0.30452775, -0.31541053],
       [-0.97154026, -0.99516863, -1.01232584, -0.97400209, -0.60980863,
        -0.28052106,  0.09878243,  0.35367006,  0.51781012,  0.66697617,
         0.80836949,  0.93247532,  1.02589231,  1.07908222,  1.08703789,
         1.02660175,  0.79455819,  0.27799787, -0.01417317, -0.11386954,
        -0.18225043, -0.22590192, -0.24765052, -0.26144055],
       [-0.88787913, -0.91902356, -0.94438422, -0.81270704, -0.13148582,
         0.09908379,  0.3015978 ,  0.31411677,  0.32014895,  0.35819871,
         0.41614977,  0.485945  ,  0.55689926,  0.62473397,  0.69664556,
         0.79455819,  0.95553358,  0.48673858,  0.0899826 , -0.01955254,
        -0.10258519, -0.16106641, -0.19799267, -0.22165389],
       [-0.3850782 , -0.39895659, -0.40952819, -0.30269634,  0.07110598,
         0.12346375,  0.12664339,  0.05313642,  0.0136093 ,  0.00366705,
         0.01145161,  0.03409088,  0.06788532,  0.11191959,  0.17539995,
         0.27799787,  0.48673858,  0.38188037,  0.17732441,  0.12383436,
         0.07948065,  0.04437739,  0.01987391,  0.004819  ],
       [-0.03077493, -0.02771781, -0.02240522, -0.00841756, -0.00992871,
        -0.04288608, -0.10513216, -0.16053732, -0.18641058, -0.19511405,
        -0.19105052, -0.17807404, -0.15667198, -0.12682218, -0.08124023,
        -0.01417317,  0.0899826 ,  0.17732441,  0.22734616,  0.24756082,
         0.25326221,  0.24829102,  0.2384895 ,  0.23249526],
       [ 0.05090969,  0.06051458,  0.07181103,  0.06902392, -0.01910917,
        -0.07610009, -0.16250008, -0.22781648, -0.26296383, -0.2805384 ,
        -0.28363243, -0.27683049, -0.25935636, -0.23041425, -0.18273762,
        -0.11386954, -0.01955254,  0.12383436,  0.24756082,  0.30843075,
         0.34353076,  0.35372781,  0.34824762,  0.34346086],
       [ 0.10568371,  0.12125869,  0.13790333,  0.12063214, -0.03637695,
        -0.10879889, -0.21219956, -0.28065359, -0.31907386, -0.34022442,
        -0.34595348, -0.34090136, -0.32489081, -0.29669544, -0.24898465,
        -0.18225043, -0.10258519,  0.07948065,  0.25326221,  0.34353076,
         0.41067259,  0.4426099 ,  0.44628571,  0.44618306],
       [ 0.1472722 ,  0.16856738,  0.19023224,  0.16099226, -0.04914447,
        -0.13586925, -0.25323467, -0.32223664, -0.35977738, -0.38093887,
        -0.3868559 , -0.3809744 , -0.36429057, -0.33571155, -0.28839221,
        -0.22590192, -0.16106641,  0.04437739,  0.24829102,  0.35372781,
         0.4426099 ,  0.49875027,  0.51946116,  0.53048045],
       [ 0.17673754,  0.20392038,  0.2304032 ,  0.19320678, -0.05780673,
        -0.15987968, -0.2897365 , -0.35795584, -0.39206718, -0.40931414,
        -0.41159205, -0.40247032, -0.38315791, -0.35222916, -0.30452775,
        -0.24765052, -0.19799267,  0.01987391,  0.2384895 ,  0.34824762,
         0.44628571,  0.51946116,  0.56350155,  0.59390602],
       [ 0.19921074,  0.23209614,  0.26315594,  0.22064021, -0.06083723,
        -0.17866066, -0.32275619, -0.39271682, -0.42404711, -0.4368828 ,
        -0.43504888, -0.42237578, -0.39956504, -0.36520253, -0.31541053,
        -0.26144055, -0.22165389,  0.004819  ,  0.23249526,  0.34346086,
         0.44618306,  0.53048045,  0.59390602,  0.64794747]]), 'M_inv': array([[ 2.24358919e+02, -4.43055804e+02,  2.48472804e+02,
        -2.90560629e+01,  9.05841040e-01, -2.07834183e+00,
        -7.81673045e+00,  2.92637264e+00, -4.78245490e-01,
         2.84575777e+01, -4.07520080e+01,  1.85482152e+01,
         9.72938240e-01,  1.24932835e+00, -1.17675024e+01,
         2.33003017e+00, -7.92598407e-01,  2.65298715e+01,
        -4.78925743e+01,  2.69967328e+01,  1.31409548e+01,
        -2.66317698e+01,  3.70108431e+00,  7.98463701e+00],
       [-4.43055804e+02,  9.81632075e+02, -6.53218246e+02,
         1.26091936e+02, -1.15595359e+01, -5.33989608e-01,
         2.29987097e+01, -9.26706910e+00, -1.09803432e+01,
        -3.88543924e+01,  7.26367610e+01, -2.86324530e+01,
        -3.38540747e+00, -1.64508075e+01,  4.37646959e+01,
        -1.92337739e+01,  1.99916060e+01, -8.91128679e+01,
         1.37311710e+02, -8.19089661e+01, -2.58239375e+01,
         6.52819229e+01, -2.05498389e+01, -4.71275011e+00],
       [ 2.48472804e+02, -6.53218246e+02,  6.02707188e+02,
        -2.30719297e+02,  3.54871134e+01,  3.04897057e+00,
        -2.61209666e+01,  2.68980726e+01, -1.09696091e+01,
         3.47718513e+01, -5.71913714e+01,  3.19514624e+01,
        -1.53904887e+01,  3.24498059e+01, -5.71648393e+01,
         4.63113811e+01, -5.92441719e+01,  1.39552778e+02,
        -1.90238885e+02,  1.32722982e+02,  9.82587747e-01,
        -5.84970447e+01,  2.93749180e+01, -5.91510531e+00],
       [-2.90560629e+01,  1.26091936e+02, -2.30719297e+02,
         1.71081945e+02, -4.35805217e+01,  4.76436601e+00,
         1.11031287e+01, -1.69600307e+01,  1.55270700e+01,
        -1.07970041e+01,  1.31652212e+01, -2.25883403e+01,
         3.17304001e+01, -3.34161542e+01,  4.48706739e+01,
        -5.21732283e+01,  6.16172225e+01, -8.66267218e+01,
         1.03969609e+02, -8.11340609e+01,  1.32740799e+01,
         2.38807130e+01, -1.76004909e+01,  5.07099426e+00],
       [ 9.05841040e-01, -1.15595359e+01,  3.54871134e+01,
        -4.35805217e+01,  3.79947210e+01, -2.49119855e+01,
         1.39467580e+01, -1.13580165e+01,  1.47268148e+01,
        -2.50832513e+01,  2.37311402e+01, -1.96238553e+00,
        -1.87987697e+01,  3.42689858e+01, -4.34778687e+01,
         4.48298219e+01, -3.19459182e+01,  1.04419320e+01,
         7.39075797e-02, -5.01486493e-01,  3.61691342e+00,
        -4.67554847e+00,  6.06796293e+00, -1.91365343e+00],
       [-2.07834183e+00, -5.33989608e-01,  3.04897057e+00,
         4.76436601e+00, -2.49119855e+01,  4.97781849e+01,
        -6.07125926e+01,  6.59816391e+01, -6.25601127e+01,
         5.32389728e+01, -3.73488244e+01,  2.19647837e+01,
        -1.09806764e+01, -3.09554013e+00,  2.71364853e+01,
        -3.51812748e+01,  2.06270299e+01, -5.27880113e+00,
        -9.30663851e+00,  1.95371125e+01, -1.19875580e+01,
         1.76748738e+00,  7.27532629e-01,  1.82602127e-02],
       [-7.81673045e+00,  2.29987097e+01, -2.61209666e+01,
         1.11031287e+01,  1.39467580e+01, -6.07125926e+01,
         1.34036021e+02, -2.04443730e+02,  2.01892410e+02,
        -1.48921055e+02,  1.01408560e+02, -6.81339431e+01,
         5.95425788e+01, -5.23036728e+01,  1.37482110e+00,
         3.70104693e+01, -2.40984894e+01,  2.18084150e+00,
         1.70916033e+01, -3.58945593e+01,  2.90462774e+01,
        -1.45434336e+01,  6.20917493e+00, -2.50463574e+00],
       [ 2.92637264e+00, -9.26706910e+00,  2.68980726e+01,
        -1.69600307e+01, -1.13580165e+01,  6.59816391e+01,
        -2.04443730e+02,  4.50824594e+02, -5.89381838e+02,
         4.97648854e+02, -3.05212526e+02,  1.47061781e+02,
        -9.83448775e+01,  1.00616472e+02, -1.88242271e+01,
        -4.71500138e+01,  2.60985412e+01,  5.21799800e+00,
        -2.14384958e+01,  5.19859699e+01, -5.31499733e+01,
         3.57737133e+01, -1.54690255e+01,  4.95516293e+00],
       [-4.78245490e-01, -1.09803432e+01, -1.09696091e+01,
         1.55270700e+01,  1.47268148e+01, -6.25601127e+01,
         2.01892410e+02, -5.89381838e+02,  1.05897239e+03,
        -1.14764939e+03,  7.65484622e+02, -3.25007931e+02,
         1.29188861e+02, -8.24654910e+01,  7.69417985e-02,
         4.51410031e+01, -2.01494620e+01, -5.37345766e+00,
         1.91389351e+01, -4.10371718e+01,  2.40344602e+01,
        -1.33316206e-01, -1.66305011e+01,  1.03345717e+01],
       [ 2.84575777e+01, -3.88543924e+01,  3.47718513e+01,
        -1.07970041e+01, -2.50832513e+01,  5.32389728e+01,
        -1.48921055e+02,  4.97648854e+02, -1.14764939e+03,
         1.66558821e+03, -1.45680570e+03,  7.36573321e+02,
        -2.00356242e+02,  1.13274512e+00,  5.99441617e+01,
        -5.12098731e+01,  2.28213091e+01,  5.21490415e+00,
        -2.67015198e+01,  1.12285824e+01,  8.09482115e+01,
        -1.14982431e+02,  6.71659803e+01, -1.77106031e+01],
       [-4.07520080e+01,  7.26367610e+01, -5.71913714e+01,
         1.31652212e+01,  2.37311402e+01, -3.73488244e+01,
         1.01408560e+02, -3.05212526e+02,  7.65484622e+02,
        -1.45680570e+03,  1.81621263e+03, -1.36695192e+03,
         5.82430836e+02, -9.10988913e+01, -4.31078059e+01,
         3.25515873e+01, -1.40047188e+01, -1.65665290e+01,
         5.60078819e+01, -3.76149921e+01, -8.34730986e+01,
         1.19249872e+02, -3.71314894e+01, -1.17322501e+00],
       [ 1.85482152e+01, -2.86324530e+01,  3.19514624e+01,
        -2.25883403e+01, -1.96238553e+00,  2.19647837e+01,
        -6.81339431e+01,  1.47061781e+02, -3.25007931e+02,
         7.36573321e+02, -1.36695192e+03,  1.68144049e+03,
        -1.25631332e+03,  5.21279385e+02, -9.87105228e+01,
         4.49320799e+00, -1.63211030e+00,  1.86396494e+01,
        -6.02636251e+01,  8.39976824e+01, -4.04754222e+01,
         3.22924400e+01, -5.52882102e+01,  2.39045042e+01],
       [ 9.72938240e-01, -3.38540747e+00, -1.53904887e+01,
         3.17304001e+01, -1.87987697e+01, -1.09806764e+01,
         5.95425788e+01, -9.83448775e+01,  1.29188861e+02,
        -2.00356242e+02,  5.82430836e+02, -1.25631332e+03,
         1.55809731e+03, -1.08395974e+03,  3.72237274e+02,
        -4.05934214e+01,  6.30515828e+00, -1.12679272e+01,
         2.98452962e+01, -7.43522741e+01,  1.08850535e+02,
        -1.35367002e+02,  1.01631069e+02, -2.84663158e+01],
       [ 1.24932835e+00, -1.64508075e+01,  3.24498059e+01,
